{
  "w": 2048,
  "h": 1536,
  "aabb_scale": 1,
  "frames": [
    {
      "file_path": "images_512/000.png",
      "sharpness": 107.97072273402107,
      "transform_matrix": [
        [
          0.614422053991218,
          -0.03659611021101558,
          0.7881282723171226,
          2.964659123571756
        ],
        [
          0.7861023769825666,
          -0.056803849671805615,
          -0.6154803520231525,
          -2.2918266513222916
        ],
        [
          0.06729290904449642,
          0.9977142500938665,
          -0.006133248499171328,
          -0.2026788651418631
        ],
        [
          0.0,
          0.0,
          0.0,
          1.0
        ]
      ],
      "K": [
        [
          4641.169921875,
          0.0,
          1067.130615234375
        ],
        [
          0.0,
          4641.169921875,
          782.04443359375
        ],
        [
          0.0,
          0.0,
          1.0
        ]
      ]
    },
    {
      "file_path": "images_512/001.png",
      "sharpness": 96.91123326254632,
      "transform_matrix": [
        [
          0.8020081808126429,
          0.00106200691974246,
          0.5973120525401774,
          2.1896403018246726
        ],
        [
          0.5970719996491074,
          -0.02982310812981121,
          -0.8016329246168079,
          -2.854915969844397
        ],
        [
          0.016962364354114842,
          0.9995544435913333,
          -0.024552473330926073,
          -0.21436736897295242
        ],
        [
          0.0,
          0.0,
          0.0,
          1.0
        ]
      ],
      "K": [
        [
          4782.4169921875,
          0.0,
          1074.2337646484375
        ],
        [
          0.0,
          4782.4169921875,
          791.5792236328125
        ],
        [
          0.0,
          0.0,
          1.0
        ]
      ]
    },
    {
      "file_path": "images_512/002.png",
      "sharpness": 106.39668603258262,
      "transform_matrix": [
        [
          0.934729455395443,
          0.01433845508625528,
          0.3550707609699068,
          1.3006787700677371
        ],
        [
          0.3553486085642864,
          -0.04573060113615106,
          -0.9336143822775482,
          -3.39222940413629
        ],
        [
          0.002851010484945654,
          0.9988507616700231,
          -0.047840891041696226,
          -0.23225976637286294
        ],
        [
          0.0,
          0.0,
          0.0,
          1.0
        ]
      ],
      "K": [
        [
          4766.40673828125,
          0.0,
          1036.253173828125
        ],
        [
          0.0,
          4766.40673828125,
          809.35302734375
        ],
        [
          0.0,
          0.0,
          1.0
        ]
      ]
    },
    {
      "file_path": "images_512/003.png",
      "sharpness": 96.78933278375409,
      "transform_matrix": [
        [
          0.9968395078043699,
          0.008325362439842398,
          0.07900468040266811,
          0.2792305883240767
        ],
        [
          0.07931132194189361,
          -0.04726591738614099,
          -0.9957285521461057,
          -3.656382912759382
        ],
        [
          -0.004555573765956859,
          0.9988475362599795,
          -0.04777682701492072,
          -0.23505036551786268
        ],
        [
          0.0,
          0.0,
          0.0,
          1.0
        ]
      ],
      "K": [
        [
          4764.32666015625,
          0.0,
          1020.5536499023438
        ],
        [
          0.0,
          4764.32666015625,
          821.2720947265625
        ],
        [
          0.0,
          0.0,
          1.0
        ]
      ]
    },
    {
      "file_path": "images_512/004.png",
      "sharpness": 99.92189787508687,
      "transform_matrix": [
        [
          0.665550306543143,
          -0.2274216409936215,
          0.7108601984476954,
          2.6990248268256387
        ],
        [
          0.7458927535422186,
          0.16923678198530978,
          -0.6442069881009513,
          -2.493078044440062
        ],
        [
          0.02620293367109932,
          0.9589775958652071,
          0.28226777782485024,
          1.5207409851315083
        ],
        [
          0.0,
          0.0,
          0.0,
          1.0
        ]
      ],
      "K": [
        [
          4775.2763671875,
          0.0,
          1228.455078125
        ],
        [
          0.0,
          4775.2763671875,
          1070.8214111328125
        ],
        [
          0.0,
          0.0,
          1.0
        ]
      ]
    },
    {
      "file_path": "images_512/005.png",
      "sharpness": 111.2117681332586,
      "transform_matrix": [
        [
          0.8602107961883538,
          -0.15667812101305684,
          0.48527241009029437,
          1.8233719722717259
        ],
        [
          0.509308658086216,
          0.21669000717030626,
          -0.8328564297339249,
          -3.169199126273404
        ],
        [
          0.025336699001027595,
          0.9635855988730712,
          0.2661965856911046,
          1.4911529725892994
        ],
        [
          0.0,
          0.0,
          0.0,
          1.0
        ]
      ],
      "K": [
        [
          4768.130859375,
          0.0,
          1239.1904296875
        ],
        [
          0.0,
          4768.130859375,
          1052.330322265625
        ],
        [
          0.0,
          0.0,
          1.0
        ]
      ]
    },
    {
      "file_path": "images_512/006.png",
      "sharpness": 93.02485718360134,
      "transform_matrix": [
        [
          0.6283688103559235,
          -0.3133278290874759,
          0.7120240582822107,
          2.888151643480504
        ],
        [
          0.7770380226737453,
          0.20934957181432468,
          -0.5936196779740299,
          -2.324250821567039
        ],
        [
          0.036935625123295984,
          0.9262819163502473,
          0.3750163937612949,
          0.683181473406241
        ],
        [
          0.0,
          0.0,
          0.0,
          1.0
        ]
      ],
      "K": [
        [
          4782.66162109375,
          0.0,
          1273.5106201171875
        ],
        [
          0.0,
          4782.66162109375,
          1092.0771484375
        ],
        [
          0.0,
          0.0,
          1.0
        ]
      ]
    },
    {
      "file_path": "images_512/007.png",
      "sharpness": 90.27886262947383,
      "transform_matrix": [
        [
          0.8014686002658082,
          -0.2489867403319302,
          0.543740418463005,
          2.1644646026255843
        ],
        [
          0.597250594539618,
          0.28664287931092525,
          -0.749084276482616,
          -2.8710756714967207
        ],
        [
          0.030652731962731623,
          0.9251168606423683,
          0.3784427640725534,
          0.650698514877815
        ],
        [
          0.0,
          0.0,
          0.0,
          1.0
        ]
      ],
      "K": [
        [
          4796.09912109375,
          0.0,
          1268.4295654296875
        ],
        [
          0.0,
          4796.09912109375,
          1088.57568359375
        ],
        [
          0.0,
          0.0,
          1.0
        ]
      ]
    },
    {
      "file_path": "images_512/008.png",
      "sharpness": 67.73798656125138,
      "transform_matrix": [
        [
          0.9416031752426618,
          -0.1503476081428062,
          0.30129559319348714,
          1.2695147710536057
        ],
        [
          0.33542794046269037,
          0.34036266173709256,
          -0.878431011022664,
          -3.398793987477782
        ],
        [
          0.029520230542691143,
          0.9281963680367877,
          0.37091735764808403,
          0.6087609193098762
        ],
        [
          0.0,
          0.0,
          0.0,
          1.0
        ]
      ],
      "K": [
        [
          4579.86474609375,
          0.0,
          1091.8919677734375
        ],
        [
          0.0,
          4579.86474609375,
          884.2599487304688
        ],
        [
          0.0,
          0.0,
          1.0
        ]
      ]
    },
  
    {
      "file_path": "images_512/010.png",
      "sharpness": 103.61776733262464,
      "transform_matrix": [
        [
          0.976610933882883,
          -0.00541028223447531,
          -0.214945876488948,
          -0.7482410874866552
        ],
        [
          -0.21500995023846492,
          -0.03067210985153883,
          -0.9761299685327323,
          -3.6280680077397505
        ],
        [
          -0.001311704519857123,
          0.9995147124930055,
          -0.03111798488256744,
          -0.2643867654094622
        ],
        [
          0.0,
          0.0,
          0.0,
          1.0
        ]
      ],
      "K": [
        [
          4764.2802734375,
          0.0,
          1054.884521484375
        ],
        [
          0.0,
          4764.2802734375,
          794.8865356445312
        ],
        [
          0.0,
          0.0,
          1.0
        ]
      ]
    },
    {
      "file_path": "images_512/011.png",
      "sharpness": 85.11573314423956,
      "transform_matrix": [
        [
          0.8905265290850986,
          -0.008147734698979728,
          -0.45485835293911236,
          -1.6507501034401213
        ],
        [
          -0.4549107985520828,
          -0.025438819641966537,
          -0.8901734721714895,
          -3.335825183015
        ],
        [
          -0.004318162043986429,
          0.9996430401985279,
          -0.026360437159568394,
          -0.2663634336525378
        ],
        [
          0.0,
          0.0,
          0.0,
          1.0
        ]
      ],
      "K": [
        [
          4781.42822265625,
          0.0,
          1046.9051513671875
        ],
        [
          0.0,
          4781.42822265625,
          800.4470825195312
        ],
        [
          0.0,
          0.0,
          1.0
        ]
      ]
    },
    {
      "file_path": "images_512/012.png",
      "sharpness": 62.939194032934296,
      "transform_matrix": [
        [
          0.934384952850713,
          -0.09929640256519325,
          0.3421475774848265,
          1.284347635672144
        ],
        [
          0.35582519997011963,
          0.2124055540894639,
          -0.9100945505053276,
          -3.4686925931772414
        ],
        [
          0.017695060007440422,
          0.9721233215872487,
          0.233800703931332,
          1.4685365549010083
        ],
        [
          0.0,
          0.0,
          0.0,
          1.0
        ]
      ],
      "K": [
        [
          7346.447265625,
          0.0,
          1198.3946533203125
        ],
        [
          0.0,
          7346.447265625,
          1049.8583984375
        ],
        [
          0.0,
          0.0,
          1.0
        ]
      ]
    },
    {
      "file_path": "images_512/013.png",
      "sharpness": 88.45766226195069,
      "transform_matrix": [
        [
          0.997560838274679,
          -0.03685990001331034,
          0.059275976312765544,
          0.24261802401499954
        ],
        [
          0.06623257238951441,
          0.2317670663844743,
          -0.9705137268813181,
          -3.7311197903825586
        ],
        [
          0.022034826947624146,
          0.9720725789354616,
          0.2336431015406541,
          1.4638675640259753
        ],
        [
          0.0,
          0.0,
          0.0,
          1.0
        ]
      ],
      "K": [
        [
          7307.4404296875,
          0.0,
          1245.205322265625
        ],
        [
          0.0,
          7307.4404296875,
          1074.1722412109375
        ],
        [
          0.0,
          0.0,
          1.0
        ]
      ]
    },
    {
      "file_path": "images_512/014.png",
      "sharpness": 79.63769276766052,
      "transform_matrix": [
        [
          0.9748822857540643,
          0.06489760544343644,
          -0.21305592878402022,
          -0.8435989339852514
        ],
        [
          -0.22218598104358725,
          0.21713329091946865,
          -0.9505189123126137,
          -3.665832599805025
        ],
        [
          -0.015424868305899089,
          0.9739820600861601,
          0.22609874994977924,
          1.4412862827917747
        ],
        [
          0.0,
          0.0,
          0.0,
          1.0
        ]
      ],
      "K": [
        [
          7318.95654296875,
          0.0,
          1135.608642578125
        ],
        [
          0.0,
          7318.95654296875,
          1052.1904296875
        ],
        [
          0.0,
          0.0,
          1.0
        ]
      ]
    },
    {
      "file_path": "images_512/015.png",
      "sharpness": 82.03654087580632,
      "transform_matrix": [
        [
          0.8901600112565037,
          0.10784151448335125,
          -0.44270227376908394,
          -1.7208816781006142
        ],
        [
          -0.4555811153685548,
          0.1940091163725675,
          -0.8687957657590175,
          -3.395472018963897
        ],
        [
          -0.007803973559013088,
          0.9750540525706326,
          0.22182970752385633,
          1.4245155209970373
        ],
        [
          0.0,
          0.0,
          0.0,
          1.0
        ]
      ],
      "K": [
        [
          7321.48095703125,
          0.0,
          1197.6331787109375
        ],
        [
          0.0,
          7321.48095703125,
          1076.4449462890625
        ],
        [
          0.0,
          0.0,
          1.0
        ]
      ]
    },
    {
      "file_path": "images_512/016.png",
      "sharpness": 76.909782409537,
      "transform_matrix": [
        [
          0.975754387018097,
          0.043487219425788474,
          -0.2145044441284137,
          -0.8068254495773172
        ],
        [
          -0.21882784101872635,
          0.1750166448186142,
          -0.9599392021980753,
          -3.655079193021417
        ],
        [
          -0.004203239152467764,
          0.9836044232191066,
          0.18028947297048725,
          0.596097919983332
        ],
        [
          0.0,
          0.0,
          0.0,
          1.0
        ]
      ],
      "K": [
        [
          2383.03662109375,
          0.0,
          1018.2722778320312
        ],
        [
          0.0,
          2383.03662109375,
          785.5076904296875
        ],
        [
          0.0,
          0.0,
          1.0
        ]
      ]
    },
    {
      "file_path": "images_512/017.png",
      "sharpness": 107.28603521558132,
      "transform_matrix": [
        [
          0.8889587258185329,
          0.09174858511302063,
          -0.4487031863381434,
          -1.6786273958231004
        ],
        [
          -0.45796034738028685,
          0.16744913054069713,
          -0.8730594316970779,
          -3.363887644741858
        ],
        [
          -0.004967006868812083,
          0.9816021452182687,
          0.19087259998905667,
          0.5945276901421414
        ],
        [
          0.0,
          0.0,
          0.0,
          1.0
        ]
      ],
      "K": [
        [
          2374.18896484375,
          0.0,
          1036.80615234375
        ],
        [
          0.0,
          2374.18896484375,
          795.1483764648438
        ],
        [
          0.0,
          0.0,
          1.0
        ]
      ]
    },
    {
      "file_path": "images_512/018.png",
      "sharpness": 64.09086662197176,
      "transform_matrix": [
        [
          0.7380661590292419,
          -0.02090267838986695,
          -0.6744044977869145,
          -2.5150653262728326
        ],
        [
          -0.6745008870355544,
          -0.048805646432003566,
          -0.7366588795506681,
          -2.7563111133719995
        ],
        [
          -0.017516603469297627,
          0.998589396511633,
          -0.05012066913628495,
          -0.4116309871409617
        ],
        [
          0.0,
          0.0,
          0.0,
          1.0
        ]
      ],
      "K": [
        [
          4756.10400390625,
          0.0,
          1207.820068359375
        ],
        [
          0.0,
          4756.10400390625,
          1060.08203125
        ],
        [
          0.0,
          0.0,
          1.0
        ]
      ]
    },
    {
      "file_path": "images_512/019.png",
      "sharpness": 79.43680322299237,
      "transform_matrix": [
        [
          0.5213641909681689,
          -0.028164025544140367,
          -0.8528693535961609,
          -3.1940369764876215
        ],
        [
          -0.8529998396844494,
          -0.04517524147550847,
          -0.5199520782638742,
          -1.940257071672086
        ],
        [
          -0.023884636707275888,
          0.9985818001723963,
          -0.04757666300579769,
          -0.41146328883192673
        ],
        [
          0.0,
          0.0,
          0.0,
          1.0
        ]
      ],
      "K": [
        [
          4757.365234375,
          0.0,
          1199.7559814453125
        ],
        [
          0.0,
          4757.365234375,
          1075.0177001953125
        ],
        [
          0.0,
          0.0,
          1.0
        ]
      ]
    },
    {
      "file_path": "images_512/020.png",
      "sharpness": 87.58684504571028,
      "transform_matrix": [
        [
          0.7313098118501185,
          0.2323470903519561,
          -0.6412493969645522,
          -2.607209534768853
        ],
        [
          -0.6817216003341999,
          0.2200436869728277,
          -0.6977364267251679,
          -2.8105939374984916
        ],
        [
          -0.021014146556216622,
          0.9474150621739459,
          0.3193161304269442,
          0.5961741775888852
        ],
        [
          0.0,
          0.0,
          0.0,
          1.0
        ]
      ],
      "K": [
        [
          4841.990234375,
          0.0,
          1033.73291015625
        ],
        [
          0.0,
          4841.990234375,
          788.6320190429688
        ],
        [
          0.0,
          0.0,
          1.0
        ]
      ]
    },
    {
      "file_path": "images_512/021.png",
      "sharpness": 84.42333117929452,
      "transform_matrix": [
        [
          0.5240367259958574,
          0.2897322530536525,
          -0.8008999529120644,
          -3.2442526992240306
        ],
        [
          -0.8513147390793425,
          0.15007021775608892,
          -0.5027344129341226,
          -1.99733274510798
        ],
        [
          -0.025467149397933597,
          0.9452691754183462,
          0.32529562413984686,
          0.611039137055951
        ],
        [
          0.0,
          0.0,
          0.0,
          1.0
        ]
      ],
      "K": [
        [
          4824.87255859375,
          0.0,
          1026.42333984375
        ],
        [
          0.0,
          4824.87255859375,
          821.0882568359375
        ],
        [
          0.0,
          0.0,
          1.0
        ]
      ]
    },
    {
      "file_path": "images_512/022.png",
      "sharpness": 79.04684734339973,
      "transform_matrix": [
        [
          0.7162119935846555,
          0.16788401615508047,
          -0.6773885802821809,
          -2.6181444903385747
        ],
        [
          -0.6977607321517794,
          0.154119029998773,
          -0.6995548837922124,
          -2.8036288403648886
        ],
        [
          -0.013045607659690999,
          0.9736847097505772,
          0.2275247772044751,
          1.4367502953813864
        ],
        [
          0.0,
          0.0,
          0.0,
          1.0
        ]
      ],
      "K": [
        [
          7343.50732421875,
          0.0,
          1259.1866455078125
        ],
        [
          0.0,
          7343.50732421875,
          1071.4063720703125
        ],
        [
          0.0,
          0.0,
          1.0
        ]
      ]
    },
    {
      "file_path": "images_512/023.png",
      "sharpness": 71.95982614788187,
      "transform_matrix": [
        [
          0.5135193689574972,
          0.21315096898315736,
          -0.8311826097670938,
          -3.2527823400861884
        ],
        [
          -0.8573398270659967,
          0.08728375186797636,
          -0.507296348812353,
          -2.0078640376516916
        ],
        [
          -0.03558198027934674,
          0.9731124828298243,
          0.22756471780708779,
          1.4509703064281163
        ],
        [
          0.0,
          0.0,
          0.0,
          1.0
        ]
      ],
      "K": [
        [
          7356.8955078125,
          0.0,
          1139.918212890625
        ],
        [
          0.0,
          7356.8955078125,
          1058.4718017578125
        ],
        [
          0.0,
          0.0,
          1.0
        ]
      ]
    },
    {
      "file_path": "images_512/024.png",
      "sharpness": 88.8483987878602,
      "transform_matrix": [
        [
          0.24919884122500108,
          0.3233437683796648,
          -0.9128793813535457,
          -3.789479518509362
        ],
        [
          -0.9682106262033549,
          0.06212759813047991,
          -0.24229748401969486,
          -1.0765694235078596
        ],
        [
          -0.02163035649563901,
          0.9442397555785014,
          0.3285469817836256,
          0.6355525568455475
        ],
        [
          0.0,
          0.0,
          0.0,
          1.0
        ]
      ],
      "K": [
        [
          4824.6708984375,
          0.0,
          1110.9971923828125
        ],
        [
          0.0,
          4824.6708984375,
          806.76513671875
        ],
        [
          0.0,
          0.0,
          1.0
        ]
      ]
    },
    {
      "file_path": "images_512/025.png",
      "sharpness": 98.85168075283036,
      "transform_matrix": [
        [
          -0.0009200339897359466,
          0.331657591757914,
          -0.9433994120993502,
          -3.8860120443817086
        ],
        [
          -0.9988692414432356,
          -0.04514456401621336,
          -0.014896598153622875,
          -0.04033510419129342
        ],
        [
          -0.047529922743566794,
          0.9423189592393365,
          0.3313240854418588,
          0.6457814929185438
        ],
        [
          0.0,
          0.0,
          0.0,
          1.0
        ]
      ],
      "K": [
        [
          4782.16015625,
          0.0,
          1008.7802124023438
        ],
        [
          0.0,
          4782.16015625,
          805.5897827148438
        ],
        [
          0.0,
          0.0,
          1.0
        ]
      ]
    },
    {
      "file_path": "images_512/026.png",
      "sharpness": 134.11679233814095,
      "transform_matrix": [
        [
          -0.25836161553236786,
          -0.05824444433866093,
          -0.9642908568524927,
          -3.8350431187916976
        ],
        [
          -0.9647112678410054,
          -0.03693875550792776,
          0.2607054917926713,
          1.0068477334155643
        ],
        [
          -0.05080434730790011,
          0.9976186170282476,
          -0.04664551707305244,
          -0.3457671084016259
        ],
        [
          0.0,
          0.0,
          0.0,
          1.0
        ]
      ],
      "K": [
        [
          4629.63427734375,
          0.0,
          1080.433837890625
        ],
        [
          0.0,
          4629.63427734375,
          785.579833984375
        ],
        [
          0.0,
          0.0,
          1.0
        ]
      ]
    },
    {
      "file_path": "images_512/027.png",
      "sharpness": 136.14951959782942,
      "transform_matrix": [
        [
          -0.4889891438739391,
          -0.04167382625272313,
          -0.871293797913588,
          -3.4882389413024186
        ],
        [
          -0.8719133430708675,
          -0.005986228789613713,
          0.4896232701538892,
          1.9950961253564872
        ],
        [
          -0.025620238734787894,
          0.9991131913032468,
          -0.03340876748819753,
          -0.3069241227024423
        ],
        [
          0.0,
          0.0,
          0.0,
          1.0
        ]
      ],
      "K": [
        [
          4756.501953125,
          0.0,
          1022.76953125
        ],
        [
          0.0,
          4756.501953125,
          792.026123046875
        ],
        [
          0.0,
          0.0,
          1.0
        ]
      ]
    },
    {
      "file_path": "images_512/028.png",
      "sharpness": 54.343298909864195,
      "transform_matrix": [
        [
          0.25805815185404696,
          0.24404213442269254,
          -0.9347991437998349,
          -3.79425818826793
        ],
        [
          -0.9651984332889162,
          0.02265916771704292,
          -0.2605345366984077,
          -1.065260834171856
        ],
        [
          -0.04239963179959105,
          0.969499769458311,
          0.2413964752254508,
          1.4627541786591567
        ],
        [
          0.0,
          0.0,
          0.0,
          1.0
        ]
      ],
      "K": [
        [
          7357.390625,
          0.0,
          1134.64208984375
        ],
        [
          0.0,
          7357.390625,
          1063.9912109375
        ],
        [
          0.0,
          0.0,
          1.0
        ]
      ]
    },
    {
      "file_path": "images_512/029.png",
      "sharpness": 64.45686393189659,
      "transform_matrix": [
        [
          -0.0019603115927117054,
          0.24557261126085278,
          -0.9693762506098031,
          -3.905266490024609
        ],
        [
          -0.9993450177442313,
          -0.0355054225500481,
          -0.0069736302225628655,
          -0.013674292164427872
        ],
        [
          -0.036130651739972666,
          0.9687275657425447,
          0.24548135793961995,
          1.4873526309286276
        ],
        [
          0.0,
          0.0,
          0.0,
          1.0
        ]
      ],
      "K": [
        [
          7327.35009765625,
          0.0,
          1108.51318359375
        ],
        [
          0.0,
          7327.35009765625,
          1048.4658203125
        ],
        [
          0.0,
          0.0,
          1.0
        ]
      ]
    },
    {
      "file_path": "images_512/032.png",
      "sharpness": 108.38258902205497,
      "transform_matrix": [
        [
          -0.24577831479548534,
          0.20452360434254532,
          -0.9475036325208354,
          -3.942810755322416
        ],
        [
          -0.9687052457110316,
          -0.08679971886109161,
          0.23254179877027653,
          1.0052401165528195
        ],
        [
          -0.034682762743084815,
          0.9750054771338671,
          0.21945657554335435,
          0.6848333524807247
        ],
        [
          0.0,
          0.0,
          0.0,
          1.0
        ]
      ],
      "K": [
        [
          2387.259033203125,
          0.0,
          1024.1029052734375
        ],
        [
          0.0,
          2387.259033203125,
          794.4804077148438
        ],
        [
          0.0,
          0.0,
          1.0
        ]
      ]
    },
    {
      "file_path": "images_512/033.png",
      "sharpness": 114.18353679749019,
      "transform_matrix": [
        [
          -0.4904052050026434,
          0.1809741626960751,
          -0.8524969645917282,
          -3.5109995443953754
        ],
        [
          -0.8706692806714613,
          -0.1442968597982327,
          0.47022666045976014,
          1.9583046072662407
        ],
        [
          -0.037913758731129225,
          0.9728445290280917,
          0.22833257790181502,
          0.7213584404562108
        ],
        [
          0.0,
          0.0,
          0.0,
          1.0
        ]
      ],
      "K": [
        [
          2386.83056640625,
          0.0,
          1038.292724609375
        ],
        [
          0.0,
          2386.83056640625,
          796.37109375
        ],
        [
          0.0,
          0.0,
          1.0
        ]
      ]
    },
    {
      "file_path": "images_512/035.png",
      "sharpness": 104.55078601061767,
      "transform_matrix": [
        [
          -0.8605810507874969,
          0.15872576587345555,
          -0.4839486395882968,
          -2.0733092363059256
        ],
        [
          -0.5087982805703208,
          -0.31064799695918643,
          0.802883444963376,
          3.460895592448392
        ],
        [
          -0.022899406031946366,
          0.9371785612206575,
          0.34809714739943604,
          0.7720413670907801
        ],
        [
          0.0,
          0.0,
          0.0,
          1.0
        ]
      ],
      "K": [
        [
          4770.81787109375,
          0.0,
          1070.390625
        ],
        [
          0.0,
          4770.81787109375,
          724.7109375
        ],
        [
          0.0,
          0.0,
          1.0
        ]
      ]
    },
    {
      "file_path": "images_512/036.png",
      "sharpness": 82.65276617253384,
      "transform_matrix": [
        [
          -0.2803537218829708,
          0.21365881610978757,
          -0.9358160504203533,
          -3.938514520927038
        ],
        [
          -0.9586051862372703,
          -0.11287363852741264,
          0.2614104590870291,
          0.9849144127317617
        ],
        [
          -0.04977631663924087,
          0.9703654452380676,
          0.23645896624745005,
          1.515061926583373
        ],
        [
          0.0,
          0.0,
          0.0,
          1.0
        ]
      ],
      "K": [
        [
          4772.77880859375,
          0.0,
          1272.509765625
        ],
        [
          0.0,
          4772.77880859375,
          1076.5765380859375
        ],
        [
          0.0,
          0.0,
          1.0
        ]
      ]
    },
    {
      "file_path": "images_512/037.png",
      "sharpness": 76.99958577231978,
      "transform_matrix": [
        [
          -0.5104240593707726,
          0.18923268130525295,
          -0.8388434156239789,
          -3.501703822083205
        ],
        [
          -0.8586916535548266,
          -0.16434055980214599,
          0.4854282632439644,
          1.9438478212275876
        ],
        [
          -0.04599710695636533,
          0.9680820316062293,
          0.2463758932537614,
          1.5603063613665782
        ],
        [
          0.0,
          0.0,
          0.0,
          1.0
        ]
      ],
      "K": [
        [
          4775.5126953125,
          0.0,
          1194.71435546875
        ],
        [
          0.0,
          4775.5126953125,
          1040.9072265625
        ],
        [
          0.0,
          0.0,
          1.0
        ]
      ]
    },
    {
      "file_path": "images_512/038.png",
      "sharpness": 93.97745924817322,
      "transform_matrix": [
        [
          -0.7094432961180597,
          0.14928459118581383,
          -0.6887701532240147,
          -2.951850221120508
        ],
        [
          -0.7040663212846228,
          -0.19355305434349176,
          0.6832477903675009,
          2.8449610897061777
        ],
        [
          -0.031315199613056774,
          0.9696654384875673,
          0.2424211674875455,
          1.6118322161337428
        ],
        [
          0.0,
          0.0,
          0.0,
          1.0
        ]
      ],
      "K": [
        [
          4804.2509765625,
          0.0,
          1218.4390869140625
        ],
        [
          0.0,
          4804.2509765625,
          1048.4019775390625
        ],
        [
          0.0,
          0.0,
          1.0
        ]
      ]
    },
    {
      "file_path": "images_512/039.png",
      "sharpness": 106.33522825963867,
      "transform_matrix": [
        [
          -0.8625546960727579,
          0.10758819085628454,
          -0.4943927853676361,
          -2.091141373524296
        ],
        [
          -0.505464850107407,
          -0.2266144362249166,
          0.8325567988325617,
          3.4700060742072054
        ],
        [
          -0.022463252006477225,
          0.9680239634474489,
          0.24984938373593926,
          1.6400098028324022
        ],
        [
          0.0,
          0.0,
          0.0,
          1.0
        ]
      ],
      "K": [
        [
          4775.615234375,
          0.0,
          1211.5596923828125
        ],
        [
          0.0,
          4775.615234375,
          1045.916015625
        ],
        [
          0.0,
          0.0,
          1.0
        ]
      ]
    },
    {
      "file_path": "images_512/040.png",
      "sharpness": 112.30662090390972,
      "transform_matrix": [
        [
          -0.9596664398884275,
          -0.06419501854351896,
          0.2737139552497372,
          1.0774443828163975
        ],
        [
          0.28106185526799166,
          -0.24218580149149088,
          0.9286280014201135,
          3.9272845357505117
        ],
        [
          0.006676343089262981,
          0.9681036739310598,
          0.250460347390159,
          0.8495298976728726
        ],
        [
          0.0,
          0.0,
          0.0,
          1.0
        ]
      ],
      "K": [
        [
          2382.175048828125,
          0.0,
          1048.4036865234375
        ],
        [
          0.0,
          2382.175048828125,
          788.8289794921875
        ],
        [
          0.0,
          0.0,
          1.0
        ]
      ]
    },
    {
      "file_path": "images_512/041.png",
      "sharpness": 86.18356056070964,
      "transform_matrix": [
        [
          -0.8597640771241727,
          -0.11604584204260959,
          0.4973319604719796,
          2.0380524180487325
        ],
        [
          0.51023237398296,
          -0.23647196746538465,
          0.8268878933863254,
          3.468624497958081
        ],
        [
          0.021648166062061498,
          0.9646834449254108,
          0.26252046402844237,
          0.8506784692534496
        ],
        [
          0.0,
          0.0,
          0.0,
          1.0
        ]
      ],
      "K": [
        [
          2374.829345703125,
          0.0,
          1036.1585693359375
        ],
        [
          0.0,
          2374.829345703125,
          800.0672607421875
        ],
        [
          0.0,
          0.0,
          1.0
        ]
      ]
    },
    {
      "file_path": "images_512/042.png",
      "sharpness": 100.56772963165794,
      "transform_matrix": [
        [
          -0.9639153600068847,
          0.00012506463797779096,
          0.2662088450913732,
          1.108506838138692
        ],
        [
          0.26602357766183526,
          -0.036855243766278724,
          0.9632615437070774,
          3.927716877664334
        ],
        [
          0.009931661880422098,
          0.9993204590049692,
          0.03549206413756535,
          -0.16919759673421442
        ],
        [
          0.0,
          0.0,
          0.0,
          1.0
        ]
      ],
      "K": [
        [
          4779.228515625,
          0.0,
          1033.66357421875
        ],
        [
          0.0,
          4779.228515625,
          762.481201171875
        ],
        [
          0.0,
          0.0,
          1.0
        ]
      ]
    },
    {
      "file_path": "images_512/043.png",
      "sharpness": 109.38661247917656,
      "transform_matrix": [
        [
          -0.8589897515540557,
          -0.019302671192135468,
          0.5116287242811619,
          2.066888120187285
        ],
        [
          0.5119917198737797,
          -0.03432934950616201,
          0.8583039930337751,
          3.4772782252933876
        ],
        [
          0.0009963219827924764,
          0.999223971351299,
          0.03937137030851037,
          -0.17802013408903056
        ],
        [
          0.0,
          0.0,
          0.0,
          1.0
        ]
      ],
      "K": [
        [
          4766.48974609375,
          0.0,
          1075.1632080078125
        ],
        [
          0.0,
          4766.48974609375,
          771.4363403320312
        ],
        [
          0.0,
          0.0,
          1.0
        ]
      ]
    },
    {
      "file_path": "images_512/044.png",
      "sharpness": 96.69504098161447,
      "transform_matrix": [
        [
          -0.9627242390613799,
          -0.04925223517141089,
          0.26596284623535715,
          1.0902647329372672
        ],
        [
          0.2699713303818131,
          -0.2355264524949169,
          0.9336179554506172,
          3.8942990157727344
        ],
        [
          0.016658512962808805,
          0.9706190237250095,
          0.24004372510833816,
          1.6834224834798062
        ],
        [
          0.0,
          0.0,
          0.0,
          1.0
        ]
      ],
      "K": [
        [
          4815.69580078125,
          0.0,
          1259.0977783203125
        ],
        [
          0.0,
          4815.69580078125,
          1052.4974365234375
        ],
        [
          0.0,
          0.0,
          1.0
        ]
      ]
    },
    {
      "file_path": "images_512/045.png",
      "sharpness": 122.00243217016144,
      "transform_matrix": [
        [
          -0.8662404898183762,
          -0.0878951372445262,
          0.4918351661303745,
          2.04015850927531
        ],
        [
          0.4984125305548216,
          -0.2206216862729768,
          0.8383977386170558,
          3.4443774007809136
        ],
        [
          0.034818421453886986,
          0.9713908581793643,
          0.23491948243074298,
          1.6846950854002396
        ],
        [
          0.0,
          0.0,
          0.0,
          1.0
        ]
      ],
      "K": [
        [
          4777.47509765625,
          0.0,
          1234.5992431640625
        ],
        [
          0.0,
          4777.47509765625,
          1068.5721435546875
        ],
        [
          0.0,
          0.0,
